 280146 0.223000
 280001 0.264000
_280084 0.349000
 200137 0.388000
 200757 0.401000
 201473 0.469000
 200131 0.539000
 002998 0.596000
 006006 0.624000
_002113 0.696000
_001363 0.709000
_004121 0.781000
 004103 0.818000
 012217 0.860000
 280425 0.233000
 280045 0.272000
 280143 0.323000
 201357 0.388000
 204919 0.424000
 203327 0.459000
 201659 0.528000
_007894 0.560000
 006414 0.623000
_005353 0.694000
 002664 0.715000
 005084 0.752000
 006107 0.806000
 171196 0.874000
 280480 0.246000
 280046 0.285000
 280261 0.311000
 202346 0.354000
 205897 0.438000
 206415 0.494000
 201827 0.513000
_011231 0.576000
 007630 0.620000
 005926 0.654000
_002681 0.700000
 005336 0.758000
 009759 0.825000
 168714 0.887000
 280481 0.224000
 280079 0.254000
 280282 0.340000
 202357 0.375000
 206265 0.414000
 207343 0.456000
 205723 0.526000
 011996 0.591000
 011908 0.613000
 009234 0.678000
 005594 0.710000
 007016 0.772000
 012323 0.812000
 123140 0.856000
 280701 0.215000
 280081 0.251000
 280302 0.346000
 208789 0.368000
 209575 0.438000
 207563 0.494000
 207847 0.515000
_015803 0.554000
 014700 0.629000
 011318 0.693000
 006044 0.711000
 007044 0.759000
 015355 0.805000
 173984 0.872000
 280731 0.240000
 280083 0.268000
 280428 0.331000
 212016 0.380000
 209985 0.437000
 207841 0.474000
 211082 0.518000
_029557 0.585000
 016040 0.635000
_011545 0.696000
 006240 0.716000
_009615 0.751000
 015377 0.830000
 166778 0.864000
 280940 0.229000
 280148 0.276000
 280682 0.309000
 214987 0.352000
 211058 0.428000
 209687 0.493000
 214850 0.513000
_033293 0.570000
 019344 0.630000
_016457 0.695000
_010363 0.700000
 011538 0.774000
_023793 0.834000
 143681 0.877000
 280963 0.221000
 280212 0.281000
 280698 0.316000
 219844 0.364000
 215008 0.413000
 212202 0.479000
 215854 0.522000
_033839 0.552000
 023228 0.642000
 019620 0.656000
_016531 0.700000
 014719 0.785000
 025143 0.825000
 104847 0.857000
 280965 0.204000
 280260 0.277000
 280766 0.308000
 219860 0.371000
 217616 0.403000
 214872 0.468000
 219886 0.504000
_033849 0.552000
_033241 0.600000
_019861 0.698000
_017505 0.728000
 021726 0.756000
 027181 0.822000
_140909 0.858000
 280235 0.249000
 280483 0.269000
 280883 0.324000
 225723 0.375000
 218864 0.436000
 216344 0.483000
 223137 0.546000
_040242 0.599000
 036673 0.621000
 022086 0.660000
_019001 0.729000
 024211 0.787000
 040601 0.808000
 133278 0.854000
 280397 0.202000
 280484 0.274000
 211927 0.318000
 225739 0.358000
 224077 0.444000
 216634 0.458000
 225713 0.533000
_043082 0.559000
 041196 0.604000
_026119 0.697000
_022771 0.706000
 030020 0.798000
_042447 0.831000
 166338 0.875000
 280545 0.248000
 280591 0.288000
 280155 0.343000
 280082 0.384000
 226671 0.421000
 216850 0.460000
_280014 0.512000
 044700 0.583000
 047928 0.649000
 026250 0.688000
_024353 0.704000
 033236 0.797000
 047875 0.841000
 144369 0.879000
 280606 0.234000
 280621 0.288000
 280176 0.317000
_280376 0.377000
 227383 0.407000
 218998 0.459000
 280080 0.544000
 044916 0.558000
 049992 0.619000
 033305 0.684000
_025573 0.722000
 033999 0.761000
 048125 0.808000
 159536 0.871000
 280235 0.249000
 280699 0.259000
 280340 0.300000
 280426 0.355000
_280009 0.439000
 221759 0.455000
 280271 0.523000
 047460 0.598000
_054367 0.625000
_034007 0.697000
_027035 0.707000
 039103 0.754000
 050528 0.814000
 144513 0.876000
 280397 0.202000
 280732 0.275000
 280341 0.301000
 280689 0.376000
 280870 0.421000
 226277 0.492000
 280343 0.543000
_050375 0.575000
 056167 0.643000
 036649 0.670000
_030950 0.748000
_048915 0.780000
 051100 0.821000
_005768 0.872000
 280545 0.248000
 280817 0.298000
 280372 0.345000
 280696 0.355000
 280967 0.442000
 280012 0.462000
 280733 0.510000
_050572 0.563000
 064060 0.634000
_037430 0.697000
 033775 0.747000
_055218 0.783000
 061075 0.823000
_016879 0.880000
 280606 0.234000
 280844 0.290000
 280548 0.311000
 280697 0.364000
 202321 0.413000
 280013 0.452000
 280765 0.540000
_056269 0.574000
 064316 0.609000
 038313 0.657000
 039767 0.748000
 055992 0.797000
 061409 0.836000
_010318 0.859000
 280857 0.236000
 280871 0.286000
 211927 0.318000
 280767 0.355000
 210280 0.419000
 280144 0.480000
 280885 0.507000
_064232 0.582000
 064320 0.629000
 039661 0.664000
_041991 0.701000
 062299 0.779000
 147571 0.818000
 116877 0.880000
 280876 0.218000
 280884 0.266000
 280155 0.343000
 280843 0.374000
 219938 0.428000
 280149 0.496000
 202023 0.527000
_069482 0.551000
 064996 0.610000
_043677 0.698000
 043062 0.701000
 075597 0.785000
 103285 0.850000
 121810 0.868000
 280908 0.248000
 280966 0.292000
 280176 0.317000
 280964 0.398000
 220157 0.425000
 280211 0.460000
 205047 0.508000
 070487 0.597000
 070083 0.646000
 044662 0.694000
_044375 0.719000
 075754 0.794000
 124666 0.839000
 161044 0.856000
 280993 0.249000
 220928 0.295000
 280340 0.300000
 201741 0.380000
 221407 0.449000
_280272 0.482000
 208271 0.520000
_072965 0.556000
 072067 0.645000
 045026 0.684000
 044462 0.726000
_156498 0.763000
 125738 0.835000
_038082 0.867000
 281041 0.248000
 280074 0.284000
 280341 0.301000
 202521 0.395000
 222663 0.442000
 280479 0.452000
 210170 0.501000
_073975 0.552000
_146821 0.647000
 045466 0.679000
_045017 0.703000
 174693 0.778000
 126484 0.834000
 038150 0.864000
 280235 0.249000
 280180 0.256000
 280372 0.345000
 221267 0.391000
 280104 0.444000
 280691 0.468000
 210506 0.538000
_174710 0.586000
 109292 0.639000
_045883 0.696000
_049381 0.716000
 123686 0.783000
_178568 0.826000
_045231 0.858000
 280397 0.202000
 280203 0.270000
 280548 0.311000
 221459 0.390000
 280138 0.448000
 280700 0.492000
 212350 0.509000
_175901 0.559000
_109494 0.629000
 047848 0.658000
_050584 0.709000
 141538 0.790000
 121426 0.825000
 047587 0.879000
 280545 0.248000
 280298 0.295000
 280856 0.332000
 223275 0.386000
 280140 0.430000
_280968 0.454000
 213242 0.510000
_134533 0.587000
_118158 0.645000
 049352 0.682000
_052032 0.716000
_109269 0.778000
 121310 0.801000
 118287 0.854000
 280606 0.234000
 280299 0.257000
 280874 0.329000
 226915 0.380000
 280156 0.409000
 200241 0.455000
 217458 0.520000
_161123 0.592000
_112230 0.619000
_049619 0.678000
_056176 0.707000
_101125 0.770000
_139168 0.808000
 166558 0.887000
 280857 0.236000
 280368 0.283000
 280907 0.314000
_280058 0.356000
_280373 0.413000
 200465 0.465000
 219926 0.545000
_148719 0.555000
_113089 0.627000
_054347 0.697000
_056196 0.704000
_109893 0.769000
 166720 0.803000
 122916 0.879000
 280876 0.218000
 280678 0.262000
 280909 0.301000
 280077 0.369000
 280414 0.409000
 204619 0.473000
 220153 0.545000
_175850 0.595000
_139408 0.624000
_054880 0.695000
_060073 0.703000
_151922 0.757000
 179302 0.849000
 141111 0.852000
 280908 0.248000
 280716 0.277000
 280945 0.326000
_280141 0.354000
_280504 0.436000
 211002 0.455000
 220237 0.509000
_142810 0.599000
_106987 0.626000
 055205 0.676000
_061061 0.709000
 144635 0.753000
_110869 0.807000
 127564 0.887000
 280993 0.249000
 220928 0.295000
 280951 0.335000
 280177 0.379000
 280544 0.445000
 215082 0.470000
 221685 0.526000
_162680 0.558000
 110208 0.614000
_056115 0.679000
 062306 0.739000
_155994 0.774000
_176824 0.808000
_115881 0.865000
 281041 0.248000
 280074 0.284000
 281038 0.341000
 280179 0.350000
 280638 0.420000
 217522 0.457000
 222865 0.545000
_148906 0.585000
_116221 0.616000
 056255 0.692000
 065310 0.723000
 173562 0.784000
 173678 0.839000
_164614 0.856000
 280125 0.206000
 280180 0.256000
 281050 0.329000
 280297 0.399000
_280706 0.438000
 221359 0.468000
 224613 0.501000
_113542 0.590000
_136792 0.629000
_065238 0.693000
 069960 0.706000
 139277 0.780000
 130330 0.822000
_162334 0.856000
 280238 0.200000
 280203 0.270000
 211927 0.318000
 280396 0.363000
 280715 0.436000
 221477 0.470000
 225385 0.547000
_175328 0.586000
_154195 0.624000
_067279 0.698000
_070446 0.714000
 145371 0.796000
 155510 0.826000
_112057 0.858000
 280356 0.243000
 280298 0.295000
 211927 0.318000
 280547 0.390000
 280762 0.409000
 280025 0.474000
 280050 0.503000
_174509 0.587000
_178470 0.616000
_072157 0.695000
 070773 0.724000
 109033 0.786000
_121680 0.836000
 132160 0.870000
 280357 0.233000
 280299 0.257000
 280155 0.343000
 280664 0.390000
_280770 0.435000
 280206 0.465000
 280076 0.533000
_166056 0.574000
_152371 0.610000
 073263 0.667000
_073026 0.704000
 132493 0.775000
 132906 0.807000
_047610 0.860000
 280411 0.219000
 280368 0.283000
 280176 0.317000
 280761 0.358000
 202321 0.413000
 280209 0.460000
 280204 0.531000
_160806 0.565000
_165602 0.628000
_079292 0.699000
 075747 0.732000
_144001 0.777000
 134234 0.818000
_066216 0.893000
 280463 0.242000
 280678 0.262000
 280340 0.300000
 201741 0.380000
 210280 0.419000
_280307 0.464000
_280205 0.528000
_133437 0.563000
 172611 0.629000
 108484 0.652000
_076174 0.748000
_149127 0.795000
_163162 0.835000
 129204 0.874000
 280560 0.225000
 280716 0.277000
 280341 0.301000
 202521 0.395000
 219938 0.428000
 280367 0.493000
_280300 0.520000
_149957 0.565000
_110987 0.637000
_128700 0.682000
 077609 0.718000
 153419 0.755000
 161368 0.813000
 166710 0.892000
 280707 0.228000
 280877 0.257000
 280372 0.345000
 221267 0.391000
 220157 0.425000
 280378 0.466000
 280306 0.525000
_159386 0.585000
 137335 0.644000
 129157 0.677000
 101058 0.743000
_159392 0.769000
_152964 0.814000
 167126 0.884000
 280777 0.225000
 280943 0.288000
 280548 0.311000
 221459 0.390000
 221407 0.449000
 280415 0.454000
 280405 0.516000
_130829 0.565000
_131826 0.615000
 131283 0.661000
 124743 0.730000
 128667 0.771000
 164450 0.844000
_038082 0.867000
 280895 0.243000
 280953 0.274000
 280856 0.332000
 223275 0.386000
 222663 0.442000
 280773 0.454000
 280546 0.500000
 280734 0.550000
_179709 0.609000
 142412 0.687000
 165239 0.712000
 120603 0.767000
 144139 0.803000
 038150 0.864000
 280896 0.201000
 280976 0.261000
 280874 0.329000
 226915 0.380000
 280104 0.444000
 200241 0.455000
 280549 0.542000
_002824 0.566000
_169808 0.646000
 171329 0.695000
_111285 0.730000
 120907 0.775000
 170670 0.827000
_045231 0.858000
 280101 0.212000
 281035 0.290000
 280907 0.314000
_280058 0.356000
 280138 0.448000
 200465 0.465000
_280719 0.523000
 013740 0.573000
 164089 0.635000
 168557 0.684000
 168181 0.707000
_128678 0.750000
_054989 0.834000
 047587 0.879000
 280165 0.247000
 220928 0.295000
 280909 0.301000
 280077 0.369000
 280140 0.430000
 204619 0.473000
_280748 0.544000
 025980 0.593000
 133823 0.608000
 137323 0.690000
 102978 0.740000
_140659 0.763000
 104877 0.831000
 118287 0.854000
 280185 0.245000
 280074 0.284000
 280945 0.326000
_280141 0.354000
 280156 0.409000
 211002 0.455000
 202023 0.527000
_031044 0.557000
_108553 0.634000
 159783 0.675000
_130340 0.700000
 111442 0.761000
 145215 0.806000
 166558 0.887000
 280188 0.217000
 220928 0.295000
 280951 0.335000
 280177 0.379000
_280373 0.413000
 215082 0.470000
 205047 0.508000
_031353 0.557000
 178387 0.632000
_163898 0.697000
 139445 0.733000
 137421 0.762000
_122706 0.811000
 122916 0.879000
 280192 0.240000
 280074 0.284000
 281038 0.341000
 280179 0.350000
 280414 0.409000
 217522 0.457000
 208271 0.520000
_031403 0.564000
 155645 0.640000
 169433 0.662000
_110206 0.701000
 109261 0.778000
 138602 0.814000
 141111 0.852000
 280309 0.211000
 280180 0.256000
 281050 0.329000
 280297 0.399000
_280504 0.436000
 221359 0.468000
 210170 0.501000
_035513 0.575000
 125605 0.608000
_103482 0.653000
 144444 0.705000
_108221 0.778000
_159452 0.816000
 127564 0.887000
 280575 0.243000
 280203 0.270000
 201442 0.323000
 280396 0.363000
 280544 0.445000
 221477 0.470000
 210506 0.538000
 040516 0.569000
 122801 0.645000
_153412 0.660000
_158200 0.736000
 148290 0.775000
 141537 0.830000
_115881 0.865000
 280603 0.249000
 280298 0.295000
 226726 0.316000
 280547 0.390000
 280638 0.420000
 280025 0.474000
 212350 0.509000
_044502 0.563000
 118616 0.644000
 132955 0.679000
 107938 0.736000
_140265 0.776000
 148951 0.825000
_164614 0.856000
 280705 0.232000
 280299 0.257000
 280037 0.323000
 280664 0.390000
_280706 0.438000
 280206 0.465000
 213242 0.510000
 054209 0.596000
 113928 0.638000
 177409 0.692000
_135704 0.738000
 116014 0.774000
_137188 0.823000
_162334 0.856000
 280015 0.222000
 280368 0.283000
 280054 0.304000
 280761 0.358000
 280715 0.436000
 280209 0.460000
 217458 0.520000
 061196 0.568000
_166450 0.614000
_136252 0.698000
 164623 0.738000
 132629 0.754000
_159812 0.821000
_112057 0.858000
 280018 0.208000
 280678 0.262000
_280056 0.325000
 280941 0.364000
 280762 0.409000
_280307 0.464000
 219926 0.545000
_063616 0.581000
_137645 0.614000
_151676 0.668000
 149330 0.727000
 005436 0.794000
_173974 0.807000
 132160 0.870000
 280019 0.220000
 280716 0.277000
 280092 0.321000
 280954 0.355000
_280770 0.435000
 280367 0.493000
 220153 0.545000
_077042 0.554000
 151001 0.616000
_114277 0.671000
_119601 0.710000
_174358 0.785000
 127874 0.827000
_047610 0.860000
 280062 0.247000
 280877 0.257000
 280123 0.314000
 201741 0.380000
 280825 0.426000
 280378 0.466000
 220237 0.509000
_137870 0.558000
_174220 0.600000
_129676 0.681000
_119889 0.714000
_126872 0.757000
_127528 0.816000
_066216 0.893000
 280347 0.241000
 280943 0.288000
 280147 0.302000
 202521 0.395000
 280991 0.413000
 280415 0.454000
 221685 0.526000
_164794 0.593000
 002430 0.612000
_118811 0.666000
_105866 0.702000
_151924 0.794000
 143391 0.839000
 129204 0.874000
 280381 0.230000
 280953 0.274000
_280199 0.326000
 221267 0.391000
_281043 0.407000
 280773 0.454000
 222865 0.545000
_114100 0.570000
_007559 0.625000
 122757 0.655000
 122515 0.701000
_138752 0.759000
 001403 0.804000
 166710 0.892000
 280495 0.230000
 280976 0.261000
 280232 0.311000
 221459 0.390000
 202321 0.413000
 280910 0.477000
 224613 0.501000
_129110 0.593000
 010500 0.643000
_137102 0.698000
 145190 0.716000
 134213 0.768000
 008323 0.815000
 167126 0.884000
 280513 0.243000
 281035 0.290000
 280289 0.314000
 223275 0.386000
 210280 0.419000
 280929 0.462000
 225385 0.547000
_120143 0.587000
 015216 0.645000
 139179 0.665000
 152987 0.746000
 145879 0.798000
 008359 0.807000
_038082 0.867000
 280518 0.228000
 203150 0.292000
 280355 0.344000
 226915 0.380000
 219938 0.428000
 280950 0.498000
 280050 0.503000
 121369 0.587000
 019116 0.625000
 144836 0.675000
 163339 0.719000
 177381 0.768000
 009395 0.815000
 038150 0.864000
 280600 0.214000
 280035 0.261000
 280741 0.348000
_280058 0.356000
 220157 0.425000
 280992 0.464000
 280076 0.533000
_164463 0.555000
_020117 0.627000
_102342 0.657000
_175790 0.702000
_106007 0.777000
 013251 0.811000
_045231 0.858000
 280654 0.242000
 280089 0.262000
 280798 0.348000
 280077 0.369000
 221407 0.449000
 281042 0.462000
 280204 0.531000
_131312 0.580000
 022540 0.603000
 104862 0.691000
_158643 0.703000
_130780 0.754000
_019029 0.827000
 047587 0.879000
 280746 0.233000
 280090 0.259000
_280816 0.301000
 201741 0.380000
 222663 0.442000
 281045 0.452000
_280205 0.528000
_169599 0.590000
 026284 0.625000
_144762 0.676000
 142958 0.722000
_158520 0.797000
_020385 0.841000
 118287 0.854000
 280900 0.221000
 280124 0.270000
 280886 0.334000
 202521 0.395000
 202321 0.413000
 200241 0.455000
_280300 0.520000
_143118 0.568000
_029889 0.627000
 114420 0.678000
 145644 0.715000
 162379 0.776000
_024001 0.845000
 166558 0.887000
 281006 0.222000
 280126 0.296000
 280927 0.308000
 221267 0.391000
 210280 0.419000
 200465 0.465000
 280306 0.525000
_150782 0.581000
 034969 0.631000
_147355 0.660000
_123246 0.720000
 167080 0.797000
_041719 0.846000
 122916 0.879000
 280327 0.215000
 280150 0.253000
 281009 0.315000
 221459 0.390000
 219938 0.428000
 204619 0.473000
 280405 0.516000
_141678 0.570000
 038333 0.604000
 136211 0.685000
 117018 0.722000
_122198 0.756000
 046601 0.808000
 141111 0.852000
 280469 0.223000
 280178 0.282000
 280068 0.329000
 223275 0.386000
 220157 0.425000
 211002 0.455000
 280546 0.500000
_118829 0.556000
 042612 0.648000
_135318 0.691000
 104142 0.712000
 125467 0.791000
_049735 0.839000
 127564 0.887000
 280564 0.201000
 280358 0.281000
 280131 0.341000
 226915 0.380000
 221407 0.449000
 215082 0.470000
 280549 0.542000
_123783 0.567000
 044924 0.634000
_127536 0.692000
 133773 0.746000
_160654 0.753000
 049761 0.802000
_115881 0.865000
 280589 0.244000
 280465 0.287000
_280139 0.307000
_280058 0.356000
 222663 0.442000
 217522 0.457000
_280719 0.523000
_148426 0.563000
 045856 0.635000
 171247 0.683000
_124204 0.734000
 000795 0.792000
_049787 0.824000
_164614 0.856000
 280724 0.205000
 280486 0.296000
 280167 0.336000
 280077 0.369000
 280104 0.444000
 221359 0.468000
_280748 0.544000
_109688 0.583000
 046120 0.613000
_115303 0.650000
 124731 0.719000
 009396 0.755000
 053044 0.820000
_162334 0.856000
 280738 0.230000
 280562 0.299000
 280442 0.312000
_280141 0.354000
 280138 0.448000
 221477 0.470000
 280799 0.509000
_113231 0.586000
 059337 0.621000
_126394 0.672000
_166580 0.726000
 013247 0.790000
 059184 0.806000
_112057 0.858000
 280327 0.215000
 280609 0.263000
 280476 0.304000
 280177 0.379000
 280140 0.430000
 280025 0.474000
 280858 0.549000
_113818 0.597000
 059645 0.615000
_129820 0.698000
_129874 0.728000
 015263 0.760000
_062049 0.813000
 132160 0.870000
 280469 0.223000
 280650 0.267000
 280517 0.305000
 280179 0.350000
 280156 0.409000
 200241 0.455000
 280989 0.501000
_002824 0.566000
 061056 0.624000
 109328 0.684000
_108829 0.730000
 043233 0.793000
_063889 0.817000
_047610 0.860000
 280564 0.201000
 280651 0.298000
 280572 0.347000
 280297 0.399000
_280373 0.413000
 200465 0.465000
 280990 0.547000
 013740 0.573000
 061200 0.612000
 139687 0.676000
 123111 0.731000
 049742 0.793000
_064273 0.821000
_066216 0.893000
 280589 0.244000
 280704 0.284000
 280576 0.340000
 280396 0.363000
 280414 0.409000
 204619 0.473000
 281037 0.502000
 025980 0.593000
 063656 0.637000
_160115 0.673000
 113762 0.734000
 051376 0.787000
 067871 0.821000
 129204 0.874000
 280724 0.205000
 280775 0.293000
 280602 0.307000
 280547 0.390000
_280504 0.436000
 211002 0.455000
 202023 0.527000
_031044 0.557000
 074079 0.647000
_134902 0.699000
_149777 0.747000
 066358 0.768000
 068611 0.807000
 166710 0.892000
 280738 0.230000
 280776 0.285000
_280736 0.325000
 280664 0.390000
 280544 0.445000
 215082 0.470000
 205047 0.508000
_031353 0.557000
 075095 0.631000
 151257 0.698000
_109765 0.741000
 072813 0.791000
 068839 0.813000
 167126 0.884000
 280827 0.214000
 280801 0.297000
 280851 0.348000
 280761 0.358000
 280638 0.420000
 217522 0.457000
 208271 0.520000
_031403 0.564000
 075447 0.649000
 113514 0.697000
 101328 0.706000
 073314 0.774000
_071636 0.825000
_038082 0.867000
 280862 0.216000
 280803 0.275000
_280875 0.301000
 280941 0.364000
_280706 0.438000
 221359 0.468000
 210170 0.501000
_035513 0.575000
 078067 0.648000
_145826 0.693000
_172544 0.744000
_076192 0.797000
 071677 0.806000
 038150 0.864000
 280982 0.230000
 280918 0.292000
 280915 0.337000
 280954 0.355000
 280715 0.436000
 221477 0.470000
 210506 0.538000
 040516 0.569000
 078475 0.647000
_153218 0.681000
 001444 0.717000
 133709 0.773000
 074086 0.813000
_045231 0.858000
 281012 0.225000
 281028 0.279000
 205570 0.346000
 208469 0.374000
 280762 0.409000
 280025 0.474000
 212350 0.509000
_044502 0.563000
_149709 0.637000
_132650 0.664000
_006339 0.740000
_149351 0.767000
_076328 0.825000
 047587 0.879000
 280327 0.215000
 281032 0.257000
 280010 0.316000
 208733 0.384000
_280770 0.435000
 280206 0.465000
 213242 0.510000
 054209 0.596000
 147216 0.640000
 131851 0.690000
_006756 0.711000
 144530 0.764000
 128026 0.845000
 118287 0.854000
 280469 0.223000
 280067 0.269000
 280228 0.334000
 210356 0.381000
 280825 0.426000
 280209 0.460000
 217458 0.520000
 061196 0.568000
 162241 0.622000
 132567 0.663000
 010014 0.706000
 165619 0.774000
 143123 0.820000
 166558 0.887000
 280564 0.201000
 280069 0.265000
 280230 0.314000
 210908 0.366000
 280991 0.413000
_280307 0.464000
 219926 0.545000
_063616 0.581000
 137975 0.629000
_158858 0.689000
_013133 0.705000
 113014 0.758000
 176238 0.838000
 122916 0.879000
 280589 0.244000
 280166 0.270000
 280314 0.307000
 211316 0.381000
_281043 0.407000
 280367 0.493000
 220153 0.545000
_077042 0.554000
_125544 0.610000
_106837 0.673000
_015211 0.702000
_130128 0.793000
 151494 0.822000
 141111 0.852000
 280724 0.205000
 280449 0.286000
 280316 0.320000
 213572 0.369000
 201769 0.407000
 280378 0.466000
 220237 0.509000
_137870 0.558000
 156245 0.609000
 124287 0.672000
_020389 0.738000
 138741 0.757000
 155240 0.848000
 127564 0.887000
 280738 0.230000
 280500 0.295000
_280387 0.305000
 215276 0.354000
 201927 0.435000
 280415 0.454000
 221685 0.526000
_164794 0.593000
 167229 0.646000
 138323 0.654000
 031043 0.745000
_174278 0.751000
 161148 0.847000
_115881 0.865000
 280827 0.214000
 280577 0.280000
 280456 0.317000
 280032 0.397000
 204513 0.447000
 280773 0.454000
 222865 0.545000
_114100 0.570000
 154981 0.620000
_158763 0.665000
_032792 0.747000
 120206 0.787000
 125514 0.823000
_164614 0.856000
 280862 0.216000
 280628 0.290000
 280491 0.323000
 280036 0.367000
_208675 0.448000
 280910 0.477000
 224613 0.501000
_129110 0.593000
_162180 0.615000
_106413 0.687000
_037024 0.742000
_104231 0.756000
_145297 0.804000
_162334 0.856000
 280982 0.230000
 280717 0.254000
 280597 0.307000
 280091 0.368000
 209377 0.442000
 280929 0.462000
 225385 0.547000
_120143 0.587000
 137015 0.644000
_156190 0.656000
_037186 0.744000
 163955 0.778000
_143333 0.824000
_112057 0.858000
