280146
280001
_280084
200137
200757
201473
200131
002998
006006
_002113
_001363
_004121
004103
012217
280425
280045
280143
201357
204919
203327
201659
_007894
006414
_005353
002664
005084
006107
171196
280480
280046
280261
202346
205897
206415
201827
_011231
007630
005926
_002681
005336
009759
168714
280481
280079
280282
202357
206265
207343
205723
011996
011908
009234
005594
007016
012323
123140
280701
280081
280302
208789
209575
207563
207847
_015803
014700
011318
006044
007044
015355
173984
280731
280083
280428
212016
209985
207841
211082
_029557
016040
_011545
006240
_009615
015377
166778
280940
280148
280682
214987
211058
209687
214850
_033293
019344
_016457
_010363
011538
_023793
143681
280963
280212
280698
219844
215008
212202
215854
_033839
023228
019620
_016531
014719
025143
104847
280965
280260
280766
219860
217616
214872
219886
_033849
_033241
_019861
_017505
021726
027181
_140909
280235
280483
280883
225723
218864
216344
223137
_040242
036673
022086
_019001
024211
040601
133278
280397
280484
211927
225739
224077
216634
225713
_043082
041196
_026119
_022771
030020
_042447
166338
280545
280591
280155
280082
226671
216850
_280014
044700
047928
026250
_024353
033236
047875
144369
280606
280621
280176
_280376
227383
218998
280080
044916
049992
033305
_025573
033999
048125
159536
280235
280699
280340
280426
_280009
221759
280271
047460
_054367
_034007
_027035
039103
050528
144513
280397
280732
280341
280689
280870
226277
280343
_050375
056167
036649
_030950
_048915
051100
_005768
280545
280817
280372
280696
280967
280012
280733
_050572
064060
_037430
033775
_055218
061075
_016879
280606
280844
280548
280697
202321
280013
280765
_056269
064316
038313
039767
055992
061409
_010318
280857
280871
211927
280767
210280
280144
280885
_064232
064320
039661
_041991
062299
147571
116877
280876
280884
280155
280843
219938
280149
202023
_069482
064996
_043677
043062
075597
103285
121810
280908
280966
280176
280964
220157
280211
205047
070487
070083
044662
_044375
075754
124666
161044
280993
220928
280340
201741
221407
_280272
208271
_072965
072067
045026
044462
_156498
125738
_038082
281041
280074
280341
202521
222663
280479
210170
_073975
_146821
045466
_045017
174693
126484
038150
280235
280180
280372
221267
280104
280691
210506
_174710
109292
_045883
_049381
123686
_178568
_045231
280397
280203
280548
221459
280138
280700
212350
_175901
_109494
047848
_050584
141538
121426
047587
280545
280298
280856
223275
280140
_280968
213242
_134533
_118158
049352
_052032
_109269
121310
118287
280606
280299
280874
226915
280156
200241
217458
_161123
_112230
_049619
_056176
_101125
_139168
166558
280857
280368
280907
_280058
_280373
200465
219926
_148719
_113089
_054347
_056196
_109893
166720
122916
280876
280678
280909
280077
280414
204619
220153
_175850
_139408
_054880
_060073
_151922
179302
141111
280908
280716
280945
_280141
_280504
211002
220237
_142810
_106987
055205
_061061
144635
_110869
127564
280993
220928
280951
280177
280544
215082
221685
_162680
110208
_056115
062306
_155994
_176824
_115881
281041
280074
281038
280179
280638
217522
222865
_148906
_116221
056255
065310
173562
173678
_164614
280125
280180
281050
280297
_280706
221359
224613
_113542
_136792
_065238
069960
139277
130330
_162334
280238
280203
211927
280396
280715
221477
225385
_175328
_154195
_067279
_070446
145371
155510
_112057
280356
280298
211927
280547
280762
280025
280050
_174509
_178470
_072157
070773
109033
_121680
132160
280357
280299
280155
280664
_280770
280206
280076
_166056
_152371
073263
_073026
132493
132906
_047610
280411
280368
280176
280761
202321
280209
280204
_160806
_165602
_079292
075747
_144001
134234
_066216
280463
280678
280340
201741
210280
_280307
_280205
_133437
172611
108484
_076174
_149127
_163162
129204
280560
280716
280341
202521
219938
280367
_280300
_149957
_110987
_128700
077609
153419
161368
166710
280707
280877
280372
221267
220157
280378
280306
_159386
137335
129157
101058
_159392
_152964
167126
280777
280943
280548
221459
221407
280415
280405
_130829
_131826
131283
124743
128667
164450
_038082
280895
280953
280856
223275
222663
280773
280546
280734
_179709
142412
165239
120603
144139
038150
280896
280976
280874
226915
280104
200241
280549
_002824
_169808
171329
_111285
120907
170670
_045231
280101
281035
280907
_280058
280138
200465
_280719
013740
164089
168557
168181
_128678
_054989
047587
280165
220928
280909
280077
280140
204619
_280748
025980
133823
137323
102978
_140659
104877
118287
280185
280074
280945
_280141
280156
211002
202023
_031044
_108553
159783
_130340
111442
145215
166558
280188
220928
280951
280177
_280373
215082
205047
_031353
178387
_163898
139445
137421
_122706
122916
280192
280074
281038
280179
280414
217522
208271
_031403
155645
169433
_110206
109261
138602
141111
280309
280180
281050
280297
_280504
221359
210170
_035513
125605
_103482
144444
_108221
_159452
127564
280575
280203
201442
280396
280544
221477
210506
040516
122801
_153412
_158200
148290
141537
_115881
280603
280298
226726
280547
280638
280025
212350
_044502
118616
132955
107938
_140265
148951
_164614
280705
280299
280037
280664
_280706
280206
213242
054209
113928
177409
_135704
116014
_137188
_162334
280015
280368
280054
280761
280715
280209
217458
061196
_166450
_136252
164623
132629
_159812
_112057
280018
280678
_280056
280941
280762
_280307
219926
_063616
_137645
_151676
149330
005436
_173974
132160
280019
280716
280092
280954
_280770
280367
220153
_077042
151001
_114277
_119601
_174358
127874
_047610
280062
280877
280123
201741
280825
280378
220237
_137870
_174220
_129676
_119889
_126872
_127528
_066216
280347
280943
280147
202521
280991
280415
221685
_164794
002430
_118811
_105866
_151924
143391
129204
280381
280953
_280199
221267
_281043
280773
222865
_114100
_007559
122757
122515
_138752
001403
166710
280495
280976
280232
221459
202321
280910
224613
_129110
010500
_137102
145190
134213
008323
167126
280513
281035
280289
223275
210280
280929
225385
_120143
015216
139179
152987
145879
008359
_038082
280518
203150
280355
226915
219938
280950
280050
121369
019116
144836
163339
177381
009395
038150
280600
280035
280741
_280058
220157
280992
280076
_164463
_020117
_102342
_175790
_106007
013251
_045231
280654
280089
280798
280077
221407
281042
280204
_131312
022540
104862
_158643
_130780
_019029
047587
280746
280090
_280816
201741
222663
281045
_280205
_169599
026284
_144762
142958
_158520
_020385
118287
280900
280124
280886
202521
202321
200241
_280300
_143118
_029889
114420
145644
162379
_024001
166558
281006
280126
280927
221267
210280
200465
280306
_150782
034969
_147355
_123246
167080
_041719
122916
280327
280150
281009
221459
219938
204619
280405
_141678
038333
136211
117018
_122198
046601
141111
280469
280178
280068
223275
220157
211002
280546
_118829
042612
_135318
104142
125467
_049735
127564
280564
280358
280131
226915
221407
215082
280549
_123783
044924
_127536
133773
_160654
049761
_115881
280589
280465
_280139
_280058
222663
217522
_280719
_148426
045856
171247
_124204
000795
_049787
_164614
280724
280486
280167
280077
280104
221359
_280748
_109688
046120
_115303
124731
009396
053044
_162334
280738
280562
280442
_280141
280138
221477
280799
_113231
059337
_126394
_166580
013247
059184
_112057
280327
280609
280476
280177
280140
280025
280858
_113818
059645
_129820
_129874
015263
_062049
132160
280469
280650
280517
280179
280156
200241
280989
_002824
061056
109328
_108829
043233
_063889
_047610
280564
280651
280572
280297
_280373
200465
280990
013740
061200
139687
123111
049742
_064273
_066216
280589
280704
280576
280396
280414
204619
281037
025980
063656
_160115
113762
051376
067871
129204
280724
280775
280602
280547
_280504
211002
202023
_031044
074079
_134902
_149777
066358
068611
166710
280738
280776
_280736
280664
280544
215082
205047
_031353
075095
151257
_109765
072813
068839
167126
280827
280801
280851
280761
280638
217522
208271
_031403
075447
113514
101328
073314
_071636
_038082
280862
280803
_280875
280941
_280706
221359
210170
_035513
078067
_145826
_172544
_076192
071677
038150
280982
280918
280915
280954
280715
221477
210506
040516
078475
_153218
001444
133709
074086
_045231
281012
281028
205570
208469
280762
280025
212350
_044502
_149709
_132650
_006339
_149351
_076328
047587
280327
281032
280010
208733
_280770
280206
213242
054209
147216
131851
_006756
144530
128026
118287
280469
280067
280228
210356
280825
280209
217458
061196
162241
132567
010014
165619
143123
166558
280564
280069
280230
210908
280991
_280307
219926
_063616
137975
_158858
_013133
113014
176238
122916
280589
280166
280314
211316
_281043
280367
220153
_077042
_125544
_106837
_015211
_130128
151494
141111
